1;camera;529.55;334.95
1;jen;513.8;334.7
1;lukePJ;520;-327
1;lannie;432.35;811.2
3;lukePJ;519.95;173
4;fp:matt;0;0
4;fp:sara;0;0
4;fp:sandy;0;0
101;camera;529.55;340.9
102;camera;529.55;346.8
103;camera;529.55;352.75
104;camera;529.55;358.65
105;camera;529.55;364.6
106;camera;529.55;370.5
107;camera;529.55;376.45
108;camera;529.55;382.35
109;camera;529.55;388.3
110;camera;529.55;394.2
111;camera;529.55;400.15
112;camera;529.55;406.05
113;camera;529.55;412
114;camera;529.55;417.9
115;camera;529.55;423.85
116;camera;529.55;429.75
117;camera;529.55;435.7
118;camera;529.55;441.6
119;camera;529.55;447.55
120;camera;529.55;453.45
121;camera;529.55;459.4
122;camera;529.55;465.3
123;camera;529.55;471.25
124;camera;529.55;477.15
125;camera;529.55;483.1
126;camera;529.55;489.05
127;camera;529.55;494.95
140;lukePJ;519.95;177.6
141;lukePJ;519.95;181.95
142;lukePJ;519.95;186.3
143;lukePJ;519.95;190.65
144;lukePJ;519.95;195
145;lukePJ;519.95;199.35
146;lukePJ;519.95;203.7
147;lukePJ;519.95;208.05
148;lukePJ;519.95;212.4
149;lukePJ;519.95;216.75
150;lukePJ;519.95;221.1
151;lukePJ;519.95;225.4
152;lukePJ;519.95;229.75
153;lukePJ;519.95;234.1
154;lukePJ;519.95;238.45
155;lukePJ;519.95;242.8
156;lukePJ;519.95;247.15
157;lukePJ;519.95;251.5
158;lukePJ;519.95;255.85
159;lukePJ;519.95;260.2
160;lukePJ;519.95;264.55
161;lukePJ;519.95;268.9
162;lukePJ;519.95;273
188;lukePJ;519.95;276.95
189;lukePJ;519.95;280.6
190;lukePJ;519.95;284.3
191;lukePJ;519.95;288
192;lukePJ;519.95;291.65
193;lukePJ;519.95;295.35
194;lukePJ;519.95;299.05
195;lukePJ;519.95;302.7
196;lukePJ;519.95;306.4
197;lukePJ;519.95;310.1
198;lukePJ;519.95;313.8
199;lukePJ;519.95;317.45
200;lukePJ;519.95;321.15
201;lukePJ;519.95;324.85
202;lukePJ;519.95;328.5
203;lukePJ;519.95;332.2
204;lukePJ;519.95;335.9
205;lukePJ;519.95;339.55
206;lukePJ;519.95;343.25
207;lukePJ;519.95;346.95
208;lukePJ;519.95;350.6
209;lukePJ;519.95;354.3
210;lukePJ;519.95;358
211;lukePJ;519.95;361.65
212;lukePJ;519.95;365.35
213;lukePJ;519.95;369.05
214;lukePJ;519.95;372.7
215;lukePJ;519.95;376.4
216;lukePJ;519.95;380.1
217;lukePJ;519.95;383.8
218;lukePJ;519.95;387.45
219;lukePJ;519.95;391.15
220;lukePJ;519.95;394.85
221;lukePJ;519.95;398.5
222;lukePJ;519.95;402.2
223;lukePJ;519.95;405.9
224;lukePJ;519.95;409.55
225;lukePJ;519.95;413
230;w:lannie;3652;1556
232;lannie;432.35;802.15
233;lannie;432.35;793.1
234;lannie;432.35;784.05
235;lannie;432.35;775
236;lannie;432.35;765.95
237;lannie;432.35;756.9
238;lannie;432.35;747.85
239;lannie;432.35;738.8
240;lannie;432.35;729.75
241;lannie;432.35;720.7
242;lannie;432.35;711.7
243;lannie;432.35;702.6
244;lannie;432.35;693.6
245;lannie;432.35;684.55
246;lannie;432.35;675.5
247;lannie;432.35;666.45
248;lannie;432.35;657.4
249;lannie;432.35;648.35
250;lannie;432.35;639.3
251;lannie;432.35;630.25
252;lannie;432.35;621.2
253;lannie;432.35;612.15
254;lannie;432.35;603.1
255;lannie;432.35;594.05
256;lannie;432.35;585
257;lannie;432.35;575.95
258;lannie;432.35;566.9
259;lannie;432.35;557.85
260;lannie;432.35;548.8
261;lannie;432.35;539.75
262;lannie;432.35;530.7
263;lannie;432.35;521.7
264;lannie;432.35;512.65
265;lannie;432.35;503.6
266;lannie;432.35;494.55
267;lannie;432.35;485.5
268;lannie;432.35;476.45
269;lannie;432.35;467.4
270;lannie;432.35;458.35
271;lannie;432.35;449.3
272;lannie;432.35;440.25
273;lannie;432.35;431.2
283;d:Lannie: Luke!  Go back to bed.;0;0
289;d:Luke: ...;0;0
305;d:Lannie: You're sick, Luke.  Go back upstairs.;0;0
308;d:Luke:...;0;0
312;d:Lannie: Luke... go to bed.;0;0
319;lukePJ;519.95;409.9
320;lukePJ;519.95;406.45
321;lukePJ;519.95;402.95
322;lukePJ;519.95;399.5
323;lukePJ;519.95;396
324;lukePJ;519.95;392.55
325;lukePJ;519.95;389.05
326;lukePJ;519.95;385.55
327;lukePJ;519.95;382.1
328;lukePJ;519.95;378.6
329;lukePJ;519.95;375.15
330;lukePJ;519.95;371.65
331;lukePJ;519.95;368.2
332;lukePJ;519.95;364.7
333;lukePJ;519.95;361.25
334;lukePJ;519.95;357.75
335;lukePJ;519.95;354.25
336;lukePJ;519.95;350.8
337;lukePJ;519.95;347.3
338;lukePJ;519.95;343.85
339;lukePJ;519.95;340.35
340;lukePJ;519.95;336.9
341;lukePJ;519.95;333.4
342;lukePJ;519.95;329.9
343;lukePJ;519.95;326.45
344;lukePJ;519.95;322.95
345;lukePJ;519.95;319.5
346;lukePJ;519.95;316
347;lukePJ;519.95;312.55
348;lukePJ;519.95;309.05
349;lukePJ;519.95;305.55
350;lukePJ;519.95;302.1
351;lukePJ;519.95;298.6
352;lukePJ;519.95;295.15
353;lukePJ;519.95;291.65
354;lukePJ;519.95;288.2
355;lukePJ;519.95;284.7
356;lukePJ;519.95;281.25
357;lukePJ;519.95;277.75
358;lukePJ;519.95;274.25
359;lukePJ;519.95;270.8
360;lukePJ;519.95;267.3
361;lukePJ;519.95;263.85
362;lukePJ;519.95;260.35
363;lukePJ;519.95;256.9
364;lukePJ;519.95;253.4
365;lukePJ;519.95;249.9
366;lukePJ;519.95;246.45
367;lukePJ;519.95;242.95
368;lukePJ;519.95;239.5
369;lukePJ;519.95;236
370;lukePJ;519.95;232.55
371;lukePJ;519.95;229.05
372;lukePJ;519.95;225.55
373;lukePJ;519.95;222.1
374;lukePJ;519.95;218.6
375;lukePJ;519.95;215.15
376;lukePJ;519.95;211.65
377;lukePJ;519.95;208.2
378;lukePJ;519.95;204.7
379;lukePJ;519.95;201.2
380;lukePJ;519.95;197.75
381;lukePJ;519.95;194.25
382;lukePJ;519.95;190.8
383;lukePJ;519.95;187.3
384;lukePJ;519.95;183.85
385;lukePJ;519.95;180.35
386;lukePJ;519.95;176.9
387;lukePJ;519.95;173.75
391;lukePJ;520;-326.25
413;lannie;437.35;431.2
414;lannie;442.35;431.2
415;lannie;447.35;431.2
416;lannie;452.35;431.2
417;lannie;457.35;431.2
418;lannie;462.35;431.2
419;lannie;467.35;431.2
420;lannie;472.35;431.2
421;lannie;477.35;431.2
422;lannie;482.35;431.2
423;lannie;487.35;431.2
424;lannie;492.35;431.2
425;lannie;497.35;431.2
426;lannie;502.35;431.2
427;lannie;507.35;431.2
428;lannie;512.35;431.2
429;lannie;517.35;431.2
430;lannie;522.35;431.2
431;lannie;527.35;431.2
432;lannie;532.35;431.2
433;lannie;532.35;428.35
434;lannie;532.35;425.5
435;lannie;532.35;422.65
436;lannie;532.35;419.75
437;lannie;532.35;416.9
438;lannie;532.35;414.05
439;lannie;532.35;411.2
440;lannie;532.35;408.35
441;lannie;532.35;405.5
442;lannie;532.35;402.65
443;lannie;532.35;399.75
444;lannie;532.35;396.9
445;lannie;532.35;394.05
446;lannie;532.35;391.2
447;lannie;532.35;388.35
448;lannie;532.35;385.5
449;lannie;532.35;382.65
450;lannie;532.35;379.75
451;lannie;532.35;376.9
452;lannie;532.35;374.05
453;lannie;532.35;371.2
454;lannie;532.35;368.35
455;lannie;532.35;365.5
456;lannie;532.35;362.65
457;lannie;532.35;359.75
458;lannie;532.35;356.9
459;lannie;532.35;354.05
460;lannie;532.35;351.2
461;lannie;532.35;348.35
462;lannie;532.35;345.5
463;lannie;532.35;342.65
464;lannie;532.35;339.75
465;lannie;532.35;336.9
466;lannie;532.35;334.05
467;lannie;532.35;331.2
468;lannie;532.35;328.35
469;lannie;532.35;325.5
470;lannie;532.35;322.65
471;lannie;532.35;319.75
472;lannie;532.35;316.9
473;lannie;532.35;314.05
474;lannie;532.35;311.2
475;lannie;532.35;308.35
476;lannie;532.35;305.5
477;lannie;532.35;302.65
478;lannie;532.35;299.75
479;lannie;532.35;296.9
480;lannie;532.35;294.05
481;lannie;532.35;291.2
481;d:Lannie: This way.;0;0
483;lannie;532.35;286.3
484;lannie;532.35;281.35
485;lannie;532.35;276.45
486;lannie;532.35;271.55
487;lannie;532.35;266.6
488;lannie;532.35;261.7
489;lannie;532.35;256.8
490;lannie;532.35;251.85
491;lannie;532.35;246.95
492;lannie;532.35;242.05
493;lannie;532.35;237.1
494;lannie;532.35;232.2
495;lannie;532.35;227.3
496;lannie;532.35;222.35
497;lannie;532.35;217.45
498;lannie;532.35;212.55
499;lannie;532.35;207.6
500;lannie;532.35;202.7
501;lannie;532.35;197.8
502;lannie;532.35;192.85
503;lannie;532.35;187.95
504;lannie;532.35;183.05
505;lannie;532.35;178.1
506;lannie;532.35;173.2
507;lannie;532.35;-426.8
-----------------------------------------------
1; camera; camera
1; jen; jenU
100; jen; jenUw
127; jen; jenU
1; lukePJ; luke_pjD
139; lukePJ; luke_pjDw
162; lukePJ; luke_pjD
187; lukePJ; luke_pjDw
225; lukePJ; luke_pjD
318; lukePJ; luke_pjUw
387; lukePJ; luke_pjU
1; lannie; lannieU
231; lannie; lannieUw
273; lannie; lannieR
327; lannie; lannieU
412; lannie; lannieRw
432; lannie; lannieUw
481; lannie; lannieD
482; lannie; lannieUw
1; ; Bitmap 1