1;setCam:46,115,0.45,-13.75;0;0
1;w:jen;512.45;818.25
1;wxy:matt;485.8;398.95
1;wxy:sara;546.7;400.225
1;wxy:sandy;535.6;477.75
1;wxy:lgate1;450.7;320.8
1;wxy:rgate1;546.7;320.8
1;wxy:lgate2;452.25;-224.2
1;wxy:rgate2;548.25;-224.2
1;r:clear_rain;0;0
1;e:blue;0;0
1;s:SEdream1;0;0
1;camera;528.2;371.2
1;matt;485.8;398.95
1;sara;546.7;400.225
1;jen;512.45;818.25
1;sandy;535.6;477.75
1;lgate1;450.7;320.8
1;rgate1;546.7;320.8
1;lgate2;452.25;-224.2
1;rgate2;548.25;-224.2
3;camera;528.2;-1581.25
4;camera;528.2;-1585.8
5;camera;528.2;-1590.35
6;camera;528.2;-1594.85
7;camera;528.2;-1599.4
8;camera;528.2;-1604
9;camera;528.2;-1608.55
10;camera;528.2;-1613.05
11;camera;528.2;-1617.6
12;camera;528.2;-1622.15
13;camera;528.2;-1626.7
14;camera;528.2;-1631.25
15;camera;528.2;-1635.8
16;camera;528.2;-1640.35
17;camera;528.2;-1644.9
18;camera;528.2;-1649.45
19;camera;528.2;-1654
20;camera;528.2;-1658.5
21;camera;528.2;-1663.05
22;camera;528.2;-1667.6
23;camera;528.2;-1672.2
24;camera;528.2;-1676.7
25;camera;528.2;-1681.25
26;camera;528.2;-1685.8
27;camera;528.2;-1690.35
28;camera;528.2;-1694.9
29;camera;528.2;-1699.4
30;camera;528.2;-1703.95
31;camera;528.2;-1708.5
32;camera;528.2;-1713.1
33;camera;528.2;-1717.6
34;camera;528.2;-1722.15
35;camera;528.2;-1726.7
36;camera;528.2;-1731.25
37;camera;528.2;-1735.8
38;camera;528.2;-1740.3
39;camera;528.2;-1744.9
40;camera;528.2;-1749.4
41;camera;528.2;-1754
42;camera;528.2;-1758.55
43;camera;528.2;-1763.05
44;camera;528.2;-1767.6
45;camera;528.2;-1772.15
46;camera;528.2;-1776.7
47;camera;528.2;-1781.25
48;camera;528.2;-1785.8
49;camera;528.2;-1790.35
50;camera;528.2;-1794.9
51;camera;528.2;-1799.45
52;camera;528.2;-1803.95
53;camera;528.2;-1808.5
54;camera;528.2;-1813.1
55;camera;528.2;-1817.6
56;camera;528.2;-1822.2
57;camera;528.2;-1826.7
58;camera;528.2;-1831.25
59;camera;528.2;-1835.8
60;camera;528.2;-1840.35
61;camera;528.2;-1844.9
62;camera;528.2;-1849.45
63;camera;528.2;-1853.95
64;camera;528.2;-1858.55
65;camera;528.2;-1863.1
66;camera;528.2;-1867.6
67;camera;528.2;-1872.15
68;camera;528.2;-1876.7
69;camera;528.2;-1881.25
70;camera;528.2;-1885.8
71;camera;528.2;-1890.35
72;camera;528.2;-1894.9
73;camera;528.2;-1899.45
74;camera;528.2;-1904
75;camera;528.2;-1908.5
76;camera;528.2;-1913.05
77;camera;528.2;-1917.6
78;camera;528.2;-1922.15
79;camera;528.2;-1926.7
80;camera;528.2;-1931.25
81;camera;528.2;-1935.8
82;camera;528.2;-1940.35
83;camera;528.2;-1944.9
84;camera;528.2;-1949.45
85;camera;528.2;-1954
86;camera;528.2;-1958.5
87;camera;528.2;-1963.05
88;camera;528.2;-1967.6
89;camera;528.2;-1972.15
90;camera;528.2;-1976.7
91;camera;528.2;-1981.25
92;camera;528.2;-1985.8
93;camera;528.2;-1990.35
94;camera;528.2;-1994.85
95;camera;528.2;-1999.45
96;camera;528.2;-2003.95
97;camera;528.2;-2008.55
98;camera;528.2;-2013.1
99;camera;528.2;-2017.6
100;camera;528.2;-2022.15
101;camera;528.2;-2026.7
102;camera;528.2;-2031.25
103;camera;528.2;-2035.75
104;camera;528.2;-2040.35
105;camera;528.2;-2044.9
106;camera;528.2;-2049.45
107;camera;528.2;-2054
108;camera;528.2;-2058.5
109;camera;528.2;-2063.05
110;camera;528.2;-2067.6
111;camera;528.2;-2072.15
112;camera;528.2;-2076.7
113;camera;528.2;-2081.25
114;camera;528.2;-2085.8
115;camera;528.2;-2090.35
116;camera;528.2;-2094.9
117;camera;528.2;-2099.4
118;camera;528.2;-2103.95
119;camera;528.2;-2108.55
120;camera;528.2;-2113.05
121;camera;528.2;-2117.6
122;camera;528.2;-2122.15
123;camera;528.2;-2126.7
124;camera;528.2;-2131.25
125;camera;528.2;-2135.8
126;camera;528.2;-2140.35
127;camera;528.2;-2144.9
128;camera;528.2;-2149.45
129;camera;528.2;-2154
130;camera;528.2;-2158.55
131;camera;528.2;-2163.05
132;camera;528.2;-2167.6
133;camera;528.2;-2172.15
134;camera;528.2;-2176.7
135;camera;528.2;-2181.25
136;camera;528.2;-2185.8
137;camera;528.2;-2190.35
138;camera;528.2;-2194.9
139;camera;528.2;-2199.45
140;camera;528.2;-2204
141;camera;528.2;-2208.5
142;camera;528.2;-2213.05
143;camera;528.2;-2217.6
144;camera;528.2;-2222.15
145;camera;528.2;-2226.7
146;camera;528.2;-2231.25
147;camera;528.2;-2235.8
148;camera;528.2;-2240.35
149;camera;528.2;-2244.9
150;camera;528.2;-2249.4
151;camera;528.2;-2253.95
152;camera;528.2;-2258.5
153;camera;528.2;-2263.1
154;camera;528.2;-2267.6
155;camera;528.2;-2272.15
156;camera;528.2;-2276.7
157;camera;528.2;-2281.25
158;camera;528.2;-2285.8
159;camera;528.2;-2290.35
160;camera;528.2;-2294.9
161;camera;528.2;-2299.45
162;camera;528.2;-2304
163;camera;528.2;-2308.55
164;camera;528.2;-2313.05
165;camera;528.2;-2317.6
166;camera;528.2;-2322.15
167;camera;528.2;-2326.7
168;camera;528.2;-2331.25
169;camera;528.2;-2335.8
170;camera;528.2;-2340.35
171;camera;528.2;-2344.9
172;camera;528.2;-2349.45
173;camera;528.2;-2353.95
174;camera;528.2;-2358.55
175;camera;528.2;-2363.05
176;camera;528.2;-2367.6
177;camera;528.2;-2372.15
178;camera;528.2;-2376.7
179;camera;528.2;-2381.25
180;camera;528.2;-2385.8
181;camera;528.2;-2390.35
182;camera;528.2;-2394.85
183;camera;528.2;-2399.45
184;camera;528.2;-2404
185;camera;528.2;-2408.55
186;camera;528.2;-2413.1
187;camera;528.2;-2417.6
188;camera;528.2;-2422.15
189;camera;528.2;-2426.7
190;camera;528.2;-2431.25
191;camera;528.2;-2435.8
192;camera;528.2;-2440.35
193;camera;528.2;-2444.9
194;camera;528.2;-2449.45
195;camera;528.2;-2454
196;camera;528.2;-2458.5
197;camera;528.2;-2463.05
198;camera;528.2;-2467.6
199;camera;528.2;-2472.15
200;camera;528.2;-2476.7
201;camera;528.2;-2481.25
202;camera;528.2;-2485.8
203;camera;528.2;-2490.35
204;camera;528.2;-2494.9
205;camera;528.2;-2499.45
206;camera;528.2;-2503.95
207;camera;528.2;-2508.5
208;camera;528.2;-2513.1
209;camera;528.2;-2517.65
210;camera;528.2;-2522.15
211;camera;528.2;-2526.7
212;camera;528.2;-2531.25
213;camera;528.2;-2535.8
214;camera;528.2;-2540.35
215;camera;528.2;-2544.85
216;camera;528.2;-2549.45
217;camera;528.2;-2554
218;camera;528.2;-2558.55
219;camera;528.2;-2563.05
220;camera;528.2;-2567.6
221;camera;528.2;-2572.15
222;camera;528.2;-2576.7
223;camera;528.2;-2581.25
224;camera;528.2;-2585.8
225;camera;528.2;-2590.35
226;camera;528.2;-2594.9
227;camera;528.2;-2599.45
228;camera;528.2;-2604
229;camera;528.2;-2608.5
230;camera;528.2;-2613.05
231;camera;528.2;-2617.6
232;camera;528.2;-2622.15
233;camera;528.2;-2626.7
234;camera;528.2;-2631.25
235;camera;528.2;-2635.8
236;camera;528.2;-2640.35
237;camera;528.2;-2644.9
238;camera;528.2;-2649.4
239;camera;528.2;-2654
240;camera;528.2;-2658.5
241;camera;528.2;-2663.1
242;camera;528.2;-2667.6
243;camera;528.2;-2672.15
244;camera;528.2;-2676.7
245;camera;528.2;-2681.25
246;camera;528.2;-2685.8
247;camera;528.2;-2690.35
248;camera;528.2;-2694.9
249;camera;528.2;-2699.45
250;camera;528.2;-2704
251;camera;528.2;-2708.55
252;camera;528.2;-2713.05
253;camera;528.2;-2717.6
254;camera;528.2;-2722.15
255;camera;528.2;-2726.7
256;camera;528.2;-2731.25
257;camera;528.2;-2735.8
258;camera;528.2;-2740.35
259;camera;528.2;-2744.9
260;camera;528.2;-2749.45
261;camera;528.2;-2753.95
262;camera;528.2;-2758.5
263;camera;528.2;-2763.05
264;camera;528.2;-2767.6
265;camera;528.2;-2772.15
266;camera;528.2;-2776.7
267;camera;528.2;-2781.25
268;camera;528.2;-2785.8
269;camera;528.2;-2790.35
270;camera;528.2;-2794.9
271;camera;528.2;-2799.45
272;camera;528.2;-2803.95
273;camera;528.2;-2808.55
274;camera;528.2;-2813.1
275;camera;528.2;-2817.6
276;camera;528.2;-2822.15
277;camera;528.2;-2826.7
278;camera;528.2;-2831.25
279;camera;528.2;-2835.8
280;camera;528.2;-2840.35
281;camera;528.2;-2844.9
282;camera;528.2;-2849.45
283;camera;528.2;-2854
284;camera;528.2;-2858.5
285;camera;528.2;-2863.05
286;camera;528.2;-2867.6
287;camera;528.2;-2872.15
288;camera;528.2;-2876.7
289;camera;528.2;-2881.25
290;camera;528.2;-2885.8
291;camera;528.2;-2890.35
292;camera;528.2;-2894.9
293;camera;528.2;-2899.45
294;camera;528.2;-2903.95
295;camera;528.2;-2908.5
296;camera;528.2;-2913.05
297;camera;528.2;-2917.6
298;camera;528.2;-2922.15
299;camera;528.2;-2926.7
300;camera;528.2;-2931.25
301;camera;528.2;-2935.8
302;camera;528.2;-2940.35
303;camera;528.2;-2944.85
304;camera;528.2;-2949.45
305;camera;528.2;-2953.95
306;camera;528.2;-2958.55
307;camera;528.2;-2963.1
308;camera;528.2;-2967.6
309;camera;528.2;-2972.15
310;camera;528.2;-2976.7
311;camera;528.2;-2981.25
312;camera;528.2;-2985.8
313;camera;528.2;-2990.35
314;camera;528.2;-2994.9
315;camera;528.2;-2999.45
316;camera;528.2;-3004
317;camera;528.2;-3008.5
318;camera;528.2;-3013.05
319;camera;528.2;-3017.6
320;camera;528.2;-3022.15
321;camera;528.2;-3026.7
322;camera;528.2;-3031.25
323;camera;528.2;-3035.8
324;camera;528.2;-3040.35
325;camera;528.2;-3044.9
325;e:cf:100,0,1,fadescreen;0;0
326;camera;528.2;-3049.4
327;camera;528.2;-3053.95
328;camera;528.2;-3058.5
329;camera;528.2;-3063.05
330;camera;528.2;-3067.65
331;camera;528.2;-3072.15
332;camera;528.2;-3076.7
333;camera;528.2;-3081.25
334;camera;528.2;-3085.8
335;camera;528.2;-3090.35
336;camera;528.2;-3094.9
337;camera;528.2;-3099.45
338;camera;528.2;-3104
339;camera;528.2;-3108.55
340;camera;528.2;-3113.05
341;camera;528.2;-3117.6
342;camera;528.2;-3122.15
343;camera;528.2;-3126.7
344;camera;528.2;-3131.25
345;camera;528.2;-3135.8
346;camera;528.2;-3140.35
347;camera;528.2;-3144.9
348;camera;528.2;-3149.45
349;camera;528.2;-3154
350;camera;528.2;-3158.5
351;camera;528.2;-3163.05
352;camera;528.2;-3167.6
353;camera;528.2;-3172.15
354;camera;528.2;-3176.7
355;camera;528.2;-3181.25
356;camera;528.2;-3185.8
357;camera;528.2;-3190.35
358;camera;528.2;-3194.9
359;camera;528.2;-3199.4
360;camera;528.2;-3203.95
361;camera;528.2;-3208.55
362;camera;528.2;-3213.1
363;camera;528.2;-3217.6
364;camera;528.2;-3222.15
365;camera;528.2;-3226.7
366;camera;528.2;-3231.25
367;camera;528.2;-3235.8
368;camera;528.2;-3240.35
369;camera;528.2;-3244.9
370;camera;528.2;-3249.45
371;camera;528.2;-3254
372;camera;528.2;-3258.55
373;camera;528.2;-3263.05
374;camera;528.2;-3267.6
375;camera;528.2;-3272.15
376;camera;528.2;-3276.7
377;camera;528.2;-3281.25
378;camera;528.2;-3285.8
379;camera;528.2;-3290.35
380;camera;528.2;-3294.9
381;camera;528.2;-3299.45
382;camera;528.2;-3303.95
383;camera;528.2;-3308.5
384;camera;528.2;-3313.05
385;camera;528.2;-3317.6
386;camera;528.2;-3322.15
387;camera;528.2;-3326.7
388;camera;528.2;-3331.25
389;camera;528.2;-3335.8
390;camera;528.2;-3340.35
391;camera;528.2;-3344.85
392;camera;528.2;-3349.4
393;camera;528.2;-3354
394;camera;528.2;-3358.55
395;camera;528.2;-3363.1
396;camera;528.2;-3367.6
397;camera;528.2;-3372.15
398;camera;528.2;-3376.7
399;camera;528.2;-3381.25
400;camera;528.2;-3385.8
401;camera;528.2;-3390.35
402;camera;528.2;-3394.9
403;camera;528.2;-3399.45
404;camera;528.2;-3404
405;camera;528.2;-3408.5
406;camera;528.2;-3413.05
407;camera;528.2;-3417.6
408;camera;528.2;-3422.15
409;camera;528.2;-3426.7
410;camera;528.2;-3431.25
411;camera;528.2;-3435.8
412;camera;528.2;-3440.35
413;camera;528.2;-3444.9
414;camera;528.2;-3449.45
415;camera;528.2;-3453.95
416;camera;528.2;-3458.5
417;camera;528.2;-3463.05
418;camera;528.2;-3467.6
419;camera;528.2;-3472.15
420;camera;528.2;-3476.7
421;camera;528.2;-3481.25
422;camera;528.2;-1581.25
422;s:rain;0;0
422;e:rain_dusk_thunder_fog_mist_cf:500,0.4,0,blue_cf:60,1,0,fadescreen;0;0
423;camera;528.2;-1575.35
424;camera;528.2;-1569.45
425;camera;528.2;-1563.5
426;camera;528.2;-1557.6
427;camera;528.2;-1551.75
428;camera;528.2;-1545.8
429;camera;528.2;-1539.9
430;camera;528.2;-1534
431;camera;528.2;-1528.05
432;camera;528.2;-1522.2
433;camera;528.2;-1516.25
434;camera;528.2;-1510.35
435;camera;528.2;-1504.45
436;camera;528.2;-1498.55
437;camera;528.2;-1492.65
438;camera;528.2;-1486.75
439;camera;528.2;-1480.85
440;camera;528.2;-1474.9
441;camera;528.2;-1469
442;camera;528.2;-1463.1
443;camera;528.2;-1457.2
444;camera;528.2;-1451.3
445;camera;528.2;-1445.35
446;camera;528.2;-1439.45
447;camera;528.2;-1433.55
448;camera;528.2;-1427.65
449;camera;528.2;-1421.75
450;camera;528.2;-1415.85
451;camera;528.2;-1409.9
452;camera;528.2;-1404.05
453;camera;528.2;-1398.1
454;camera;528.2;-1392.2
455;camera;528.2;-1386.3
456;camera;528.2;-1380.4
457;camera;528.2;-1374.45
458;camera;528.2;-1368.6
459;camera;528.2;-1362.65
460;camera;528.2;-1356.75
461;camera;528.2;-1350.85
462;camera;528.2;-1344.95
463;camera;528.2;-1339.05
464;camera;528.2;-1333.1
465;camera;528.2;-1327.25
466;camera;528.2;-1321.3
467;camera;528.2;-1315.4
468;camera;528.2;-1309.5
469;camera;528.2;-1303.55
470;camera;528.2;-1297.65
471;camera;528.2;-1291.75
472;camera;528.2;-1285.9
473;camera;528.2;-1279.95
474;camera;528.2;-1274.05
475;camera;528.2;-1268.15
476;camera;528.2;-1262.25
477;camera;528.2;-1256.35
478;camera;528.2;-1250.45
479;camera;528.2;-1244.5
480;camera;528.2;-1238.6
481;camera;528.2;-1232.7
482;camera;528.2;-1226.8
483;camera;528.2;-1220.85
484;camera;528.2;-1215
485;camera;528.2;-1209.05
486;camera;528.2;-1203.15
487;camera;528.2;-1197.25
488;camera;528.2;-1191.35
489;camera;528.2;-1185.45
490;camera;528.2;-1179.5
491;camera;528.2;-1173.6
492;camera;528.2;-1167.75
493;camera;528.2;-1161.8
494;camera;528.2;-1155.9
495;camera;528.2;-1150
496;camera;528.2;-1144.1
497;camera;528.2;-1138.15
498;camera;528.2;-1132.25
499;camera;528.2;-1126.35
500;camera;528.2;-1120.45
501;camera;528.2;-1114.55
502;camera;528.2;-1108.6
503;camera;528.2;-1102.7
504;camera;528.2;-1096.85
505;camera;528.2;-1090.9
506;camera;528.2;-1085
507;camera;528.2;-1079.1
508;camera;528.2;-1073.2
509;camera;528.2;-1067.3
510;camera;528.2;-1061.4
511;camera;528.2;-1055.45
512;camera;528.2;-1049.6
513;camera;528.2;-1043.65
514;camera;528.2;-1037.75
515;camera;528.2;-1031.85
516;camera;528.2;-1025.9
517;camera;528.2;-1020
518;camera;528.2;-1014.1
519;camera;528.2;-1008.2
520;camera;528.2;-1002.3
521;camera;528.2;-996.4
522;camera;528.2;-990.45
523;camera;528.2;-984.55
524;camera;528.2;-978.65
525;camera;528.2;-972.75
526;camera;528.2;-966.85
527;camera;528.2;-960.95
528;camera;528.2;-955.05
529;camera;528.2;-949.15
530;camera;528.2;-943.2
531;camera;528.2;-937.3
532;camera;528.2;-931.4
533;camera;528.2;-925.5
534;camera;528.2;-919.55
535;camera;528.2;-913.7
536;camera;528.2;-907.75
537;camera;528.2;-901.85
538;camera;528.2;-895.95
539;camera;528.2;-890.05
540;camera;528.2;-884.15
541;camera;528.2;-878.25
542;camera;528.2;-872.35
543;camera;528.2;-866.4
544;camera;528.2;-860.5
545;camera;528.2;-854.6
546;camera;528.2;-848.7
547;camera;528.2;-842.8
548;camera;528.2;-836.9
549;camera;528.2;-831
550;camera;528.2;-825.05
551;camera;528.2;-819.15
552;camera;528.2;-813.25
553;camera;528.2;-807.35
554;camera;528.2;-801.4
555;camera;528.2;-795.55
556;camera;528.2;-789.6
557;camera;528.2;-783.7
558;camera;528.2;-777.8
559;camera;528.2;-771.9
560;camera;528.2;-766
561;camera;528.2;-760.1
562;camera;528.2;-754.15
563;camera;528.2;-748.25
564;camera;528.2;-742.35
565;camera;528.2;-736.45
566;camera;528.2;-730.55
567;camera;528.2;-724.65
568;camera;528.2;-718.7
569;camera;528.2;-712.8
570;camera;528.2;-706.9
571;camera;528.2;-701
572;camera;528.2;-695.1
573;camera;528.2;-689.2
574;camera;528.2;-683.25
575;camera;528.2;-677.4
576;camera;528.2;-671.45
577;camera;528.2;-665.55
578;camera;528.2;-659.65
579;camera;528.2;-653.75
580;camera;528.2;-647.8
581;camera;528.2;-641.95
582;camera;528.2;-636
583;camera;528.2;-630.1
584;camera;528.2;-624.2
585;camera;528.2;-618.3
586;camera;528.2;-612.4
587;camera;528.2;-606.5
588;camera;528.2;-600.55
589;camera;528.2;-594.7
590;camera;528.2;-588.75
591;camera;528.2;-582.85
592;camera;528.2;-576.95
593;camera;528.2;-571.05
594;camera;528.2;-565.1
595;camera;528.2;-559.2
596;camera;528.2;-553.3
597;camera;528.2;-547.4
598;camera;528.2;-541.5
599;camera;528.2;-535.6
600;camera;528.2;-529.65
601;camera;528.2;-523.8
602;camera;528.2;-517.85
603;camera;528.2;-511.95
604;camera;528.2;-506.05
605;camera;528.2;-500.15
606;camera;528.2;-494.25
607;camera;528.2;-488.35
608;camera;528.2;-482.4
609;camera;528.2;-476.5
610;camera;528.2;-470.6
611;camera;528.2;-464.7
612;camera;528.2;-458.8
613;camera;528.2;-452.9
614;camera;528.2;-446.95
615;camera;528.2;-441.05
616;camera;528.2;-435.15
617;camera;528.2;-429.25
618;camera;528.2;-423.35
619;camera;528.2;-417.45
620;camera;528.2;-411.5
621;camera;528.2;-405.6
622;camera;528.2;-399.7
623;camera;528.2;-393.8
624;camera;528.2;-387.9
625;camera;528.2;-382
626;camera;528.2;-376.1
627;camera;528.2;-370.15
628;camera;528.2;-364.25
629;camera;528.2;-358.35
630;camera;528.2;-352.45
631;camera;528.2;-346.55
632;camera;528.2;-340.65
633;camera;528.2;-334.75
634;camera;528.2;-328.8
635;camera;528.2;-322.9
636;camera;528.2;-317
637;camera;528.2;-311.1
638;camera;528.2;-305.2
639;camera;528.2;-299.3
640;camera;528.2;-293.35
641;camera;528.2;-287.45
642;camera;528.2;-281.55
643;camera;528.2;-275.65
644;camera;528.2;-269.75
645;camera;528.2;-263.85
646;camera;528.2;-257.95
647;camera;528.2;-252
648;camera;528.2;-246.1
649;camera;528.2;-240.2
650;camera;528.2;-234.3
651;camera;528.2;-228.4
652;camera;528.2;-222.5
653;camera;528.2;-216.6
654;camera;528.2;-210.65
655;camera;528.2;-204.75
656;camera;528.2;-198.85
657;camera;528.2;-192.95
658;camera;528.2;-187.05
659;camera;528.2;-181.1
660;camera;528.2;-175.2
661;camera;528.2;-169.3
662;camera;528.2;-163.4
663;camera;528.2;-157.5
664;camera;528.2;-151.6
665;camera;528.2;-145.65
666;camera;528.2;-139.8
667;camera;528.2;-133.85
668;camera;528.2;-127.95
669;camera;528.2;-122.05
670;camera;528.2;-116.15
671;camera;528.2;-110.2
672;camera;528.2;-104.35
673;camera;528.2;-98.4
674;camera;528.2;-92.5
675;camera;528.2;-86.6
676;camera;528.2;-80.7
677;camera;528.2;-74.8
678;camera;528.2;-68.9
679;camera;528.2;-62.95
680;camera;528.2;-57.05
681;camera;528.2;-51.15
682;camera;528.2;-45.25
683;camera;528.2;-39.35
684;camera;528.2;-33.45
685;camera;528.2;-27.5
686;camera;528.2;-21.65
687;camera;528.2;-15.7
688;camera;528.2;-9.8
689;camera;528.2;-3.9
690;camera;528.2;2
691;camera;528.2;7.95
692;camera;528.2;13.8
693;camera;528.2;19.75
694;camera;528.2;25.65
695;camera;528.2;31.55
696;camera;528.2;37.45
697;camera;528.2;43.4
698;camera;528.2;49.25
699;camera;528.2;55.2
700;camera;528.2;61.1
701;camera;528.2;67
702;camera;528.2;72.9
703;camera;528.2;78.8
704;camera;528.2;84.7
705;camera;528.2;90.65
706;camera;528.2;96.5
707;camera;528.2;102.45
708;camera;528.2;108.35
709;camera;528.2;114.25
710;camera;528.2;120.15
711;camera;528.2;126.1
712;camera;528.2;131.95
713;camera;528.2;137.9
714;camera;528.2;143.8
715;camera;528.2;149.7
716;camera;528.2;155.6
717;camera;528.2;161.55
718;camera;528.2;167.4
719;camera;528.2;173.35
720;camera;528.2;179.25
721;camera;528.2;185.15
722;camera;528.2;191.05
723;camera;528.2;196.95
724;camera;528.2;202.85
725;camera;528.2;208.8
726;camera;528.2;214.7
727;camera;528.2;220.6
728;camera;528.2;226.5
729;camera;528.2;232.4
730;camera;528.2;238.3
731;camera;528.2;244.25
732;camera;528.2;250.15
733;camera;528.2;256.05
734;camera;528.2;261.95
735;camera;528.2;267.85
736;camera;528.2;273.75
737;camera;528.2;279.7
738;camera;528.2;285.6
739;camera;528.2;291.5
740;camera;528.2;297.4
741;camera;528.2;303.3
742;camera;528.2;309.2
743;camera;528.2;315.1
744;camera;528.2;321.05
745;camera;528.2;326.95
746;camera;528.2;332.85
747;camera;528.2;338.75
861;jen;512.45;816.15
862;jen;512.45;814.3
863;jen;512.45;812.4
864;jen;512.45;810.55
865;jen;512.45;808.7
866;jen;512.45;806.85
867;jen;512.45;805
868;jen;512.45;803.1
869;jen;512.45;801.25
870;jen;512.45;799.4
871;jen;512.45;797.55
872;jen;512.45;795.65
873;jen;512.45;793.8
874;jen;512.45;791.95
875;jen;512.45;790.1
876;jen;512.45;788.25
877;jen;512.45;786.35
878;jen;512.45;784.5
879;jen;512.45;782.65
880;jen;512.45;780.8
881;jen;512.45;778.95
882;jen;512.45;777.05
883;jen;512.45;775.2
884;jen;512.45;773.35
885;jen;512.45;771.5
886;jen;512.45;769.65
887;jen;512.45;767.75
888;jen;512.45;765.9
889;jen;512.45;764.05
890;jen;512.45;762.2
891;jen;512.45;760.35
892;jen;512.45;758.45
893;jen;512.45;756.6
894;jen;512.45;754.75
895;jen;512.45;752.9
896;jen;512.45;751
897;jen;512.45;749.15
898;jen;512.45;747.3
899;jen;512.45;745.45
900;jen;512.45;743.6
901;jen;512.45;741.7
902;jen;512.45;739.85
903;jen;512.45;738
904;jen;512.45;736.15
905;jen;512.45;734.3
906;jen;512.45;732.4
907;jen;512.45;730.55
908;jen;512.45;728.7
909;jen;512.45;726.85
910;jen;512.45;724.95
911;jen;512.45;723.1
912;jen;512.45;721.25
913;jen;512.45;719.4
914;jen;512.45;717.55
915;jen;512.45;715.65
916;jen;512.45;713.8
917;jen;512.45;711.95
918;jen;512.45;710.1
919;jen;512.45;708.25
920;jen;512.45;706.35
921;jen;512.45;704.5
922;jen;512.45;702.65
923;jen;512.45;700.8
924;jen;512.45;698.95
925;jen;512.45;697.05
926;jen;512.45;695.2
927;jen;512.45;693.35
928;jen;512.45;691.5
929;jen;512.45;689.65
930;jen;512.45;687.75
931;jen;512.45;685.9
932;jen;512.45;684.05
933;jen;512.45;682.2
934;jen;512.45;680.35
935;jen;512.45;678.45
936;jen;512.45;676.6
937;jen;512.45;674.75
938;jen;512.45;672.9
939;jen;512.45;671
940;jen;512.45;669.15
941;jen;512.45;667.3
942;jen;512.45;665.45
943;jen;512.45;663.6
944;jen;512.45;661.7
945;jen;512.45;659.85
946;jen;512.45;658
947;jen;512.45;656.15
948;jen;512.45;654.3
949;jen;512.45;652.4
950;jen;512.45;650.55
951;jen;512.45;648.7
952;jen;512.45;646.85
953;jen;512.45;645
954;jen;512.45;643.1
955;jen;512.45;641.25
956;jen;512.45;639.4
957;jen;512.45;637.55
958;jen;512.45;635.65
959;jen;512.45;633.8
960;jen;512.45;631.95
961;jen;512.45;630.1
962;jen;512.45;628.25
963;jen;512.45;626.35
964;jen;512.45;624.5
965;jen;512.45;622.65
966;jen;512.45;620.8
967;jen;512.45;618.95
968;jen;512.45;617.05
969;jen;512.45;615.2
970;jen;512.45;613.35
971;jen;512.45;611.5
972;jen;512.45;609.65
973;jen;512.45;607.75
974;jen;512.45;605.9
975;jen;512.45;604.05
976;jen;512.45;602.2
977;jen;512.45;600.3
978;jen;512.45;598.45
979;jen;512.45;596.6
980;jen;512.45;594.75
981;jen;512.45;592.9
982;jen;512.45;591
983;jen;512.45;589.15
984;jen;512.45;587.3
985;jen;512.45;585.45
986;jen;512.45;583.6
987;jen;512.45;581.7
988;jen;512.45;579.85
989;jen;512.45;578.25
999;d:Sara: Yeah...;0;0
999;d:Matt: Huhn, well...   I guess there IS a house.;0;0
1010;sandy;536.95;476.8
1011;sandy;538.25;475.85
1012;sandy;539.6;474.9
1013;sandy;540.95;473.95
1014;sandy;542.25;473
1015;sandy;543.6;472.05
1016;sandy;544.95;471.1
1017;sandy;546.25;470.15
1018;sandy;547.6;469.2
1019;sandy;548.95;468.25
1020;sandy;550.25;467.25
1021;sandy;551.6;466.3
1022;sandy;552.95;465.35
1023;sandy;554.25;464.4
1024;sandy;555.6;463.45
1025;sandy;556.95;462.5
1026;sandy;558.25;461.55
1027;sandy;559.6;460.6
1028;sandy;560.95;459.65
1029;sandy;562.25;458.7
1030;sandy;563.6;457.75
1032;sara;546.7;404.175
1033;sara;546.7;407.025
1034;sara;546.7;409.875
1035;sara;546.7;412.775
1036;sara;546.7;415.625
1037;sara;546.7;418.475
1038;sara;546.7;421.325
1039;sara;546.7;424.175
1040;sara;546.7;427.025
1041;sara;546.7;429.875
1042;sara;546.7;432.775
1043;sara;546.7;435.625
1044;sara;546.7;438.475
1045;sara;546.7;440.225
1073;d:Matt: It's kind of on the other side of this gate here, though...;0;0
1090;sara;546.7;439.225
1091;sara;546.7;437.125
1092;sara;546.7;435.025
1093;sara;546.7;432.925
1094;sara;546.7;430.775
1095;sara;546.7;428.675
1096;sara;546.7;426.575
1097;sara;546.7;424.475
1098;sara;546.7;422.375
1099;sara;546.7;420.275
1100;sara;546.7;418.175
1101;sara;546.7;416.075
1102;sara;546.7;413.975
1103;sara;546.7;411.875
1104;sara;546.7;409.725
1104;sandy;583.6;457.75
1105;sara;546.7;407.625
1106;sara;546.7;405.525
1107;sara;546.7;403.425
1108;sara;546.7;400.225
1127;d:Sara: Is there a button to press maybe?;0;0
1130;sandy;580.45;459.85
1131;sandy;577.3;461.95
1132;sandy;574.15;464.05
1133;sandy;570.95;466.15
1134;sandy;567.8;468.3
1135;sandy;564.65;470.4
1136;sandy;561.5;472.5
1137;sandy;558.35;474.6
1138;sandy;555.2;476.7
1139;sandy;552;478.8
1140;sandy;548.85;480.9
1141;sandy;545.7;483
1142;sandy;542.55;485.1
1143;sandy;539.4;487.2
1144;sandy;536.25;489.35
1145;sandy;533.05;491.45
1146;sandy;529.9;493.55
1147;sandy;526.75;495.65
1148;sandy;523.6;497.75
1149;sandy;520.25;497.75
1150;sandy;516.95;497.75
1151;sandy;513.6;497.75
1152;sandy;510.25;497.75
1153;sandy;506.95;497.75
1154;sandy;503.6;497.75
1155;sandy;500.25;497.75
1156;sandy;496.95;497.75
1157;sandy;493.6;497.75
1158;sandy;490.25;497.75
1159;sandy;486.95;497.75
1160;sandy;483.6;497.75
1161;sandy;480.25;497.75
1162;sandy;476.95;497.75
1163;sandy;473.6;497.75
1164;sandy;470.25;497.75
1165;sandy;466.95;497.75
1166;sandy;463.6;497.75
1167;sandy;460.45;495.65
1168;sandy;457.3;493.55
1169;sandy;454.15;491.45
1170;sandy;450.95;489.35
1171;sandy;447.8;487.2
1172;sandy;444.65;485.1
1173;sandy;441.5;483
1174;sandy;438.35;480.9
1175;sandy;435.2;478.8
1176;sandy;432;476.7
1177;sandy;428.85;474.6
1178;sandy;425.7;472.5
1179;sandy;422.55;470.4
1180;sandy;419.4;468.3
1181;sandy;416.25;466.15
1182;sandy;413.05;464.05
1183;sandy;409.9;461.95
1184;sandy;406.75;459.85
1185;sandy;403.6;457.75
1214;d:Matt:  Crap.  I don't care.  I'm getting soaked!;0;0
1223;jen;514.1;575.5
1224;jen;515.8;573
1225;jen;517.45;570.5
1226;jen;519.1;568
1227;jen;520.8;565.5
1228;jen;522.45;563
1229;jen;524.1;560.5
1230;matt;485.8;401.675
1230;jen;525.8;558
1231;matt;485.8;404.525
1231;jen;527.45;555.5
1232;matt;485.8;407.375
1232;jen;529.1;553
1233;matt;485.8;410.275
1233;jen;530.8;550.5
1234;matt;485.8;413.125
1234;jen;532.45;548
1235;matt;485.8;415.975
1235;jen;534.1;545.5
1236;matt;485.8;418.825
1236;jen;535.8;543
1237;matt;485.8;421.675
1237;jen;537.45;540.5
1238;matt;485.8;424.525
1238;jen;539.1;538
1239;matt;485.8;427.375
1239;jen;540.8;535.5
1240;matt;485.8;430.275
1240;jen;542.45;533
1241;matt;485.8;433.125
1241;jen;544.1;530.5
1242;matt;485.8;435.975
1242;jen;545.8;528
1243;matt;485.8;438.825
1243;jen;547.45;525.5
1244;matt;485.8;441.675
1244;jen;549.1;523
1245;matt;485.8;444.525
1245;jen;550.8;520.5
1246;matt;485.8;447.375
1246;jen;552.45;518.25
1247;matt;485.8;450.275
1248;matt;485.8;453.125
1249;matt;485.8;455.975
1250;matt;485.8;458.95
1284;d:Matt:  I'm gonna climb over...;0;0
1289;d:Sara:  Are you sure?  It looks kind of slick...;0;0
1290;d:Matt:  I don't care.  I'll handle it.  Here, look out--;0;0
1292;matt;485.8;460.475
1293;matt;485.8;462.175
1294;matt;485.8;463.825
1295;matt;485.8;465.475
1295;se:whisper;0;0
1295;e:cf:15,0,0.3,blue;0;0
1296;matt;485.8;467.175
1297;matt;485.8;468.825
1298;matt;485.8;470.475
1299;matt;485.8;472.175
1300;matt;485.8;473.825
1301;matt;485.8;475.475
1302;matt;485.8;477.175
1303;matt;485.8;478.95
1309;d:???: Careful.;0;0
1309;e:cf:100,0.3,0,blue;0;0
1450;d:Matt: Jeannine, did you say that?;0;0
1452;d:Jen: No.;0;0
1465;se:whisper;0;0
1465;e:cf:100,0,0.3,blue;0;0
1479;d:???:  Can I trust you?;0;0
1479;e:cf:60,0.3,0,blue;0;0
1564;d:Matt:  Where the hell...?;0;0
1572;d:Sara:  It... must be a speaker or something... an intercom maybe?;0;0
1577;d:Matt:  You think so?;0;0
1587;d:Matt:  Uh... hello?;0;0
1607;se:whisper;0;0
1607;e:cf:15,0,0.3,blue;0;0
1621;d:???:  You wish to enter.;0;0
1621;e:cf:60,0.3,0,blue;0;0
1692;d:Matt:  Uh, yeah... kind of.;0;0
1716;se:whisper;0;0
1716;e:cf:15,0,0.3,blue;0;0
1730;d:???:  You're willing?;0;0
1730;e:cf:60,0.3,0,blue;0;0
1800;d:Matt:  Sure, whatever.;0;0
1803;sandy;406.1;457.75
1804;sandy;408.6;457.75
1805;sandy;411.1;457.75
1806;sandy;413.6;457.75
1807;sandy;416.1;457.75
1808;sandy;418.6;457.75
1809;sandy;421.1;457.75
1810;sara;544.9;399.5
1810;sandy;423.6;457.75
1811;sara;543.05;399.5
1811;sandy;426.1;457.75
1812;sara;541.25;399.5
1812;sandy;428.6;457.75
1813;sara;539.45;399.5
1813;sandy;431.1;457.75
1814;sara;537.6;399.5
1814;sandy;433.6;457.75
1815;sara;535.8;399.5
1815;sandy;436.1;457.75
1816;sara;533.95;399.5
1816;sandy;438.6;457.75
1817;sara;532.15;399.5
1817;sandy;441.1;457.75
1818;sara;530.35;399.5
1818;sandy;443.6;457.75
1819;sara;528.5;399.5
1819;sandy;443.6;455.55
1820;sara;526.7;400.225
1820;sandy;443.6;453.3
1821;sandy;443.6;451.1
1822;sandy;443.6;448.85
1823;sandy;443.6;446.65
1824;sandy;443.6;444.4
1825;sandy;443.6;442.2
1826;sandy;443.6;439.95
1827;sandy;443.6;437.75
1828;sandy;443.6;435.55
1829;sandy;443.6;433.3
1830;sandy;443.6;431.1
1831;sandy;443.6;428.85
1832;sandy;443.6;426.65
1833;sandy;443.6;424.4
1834;sandy;443.6;422.2
1835;sandy;443.6;419.95
1836;sandy;443.6;417.75
1840;d:Sara:  Hey, we just want to use your phone!;0;0
1893;d:Sara:  Hello?;0;0
1966;se:GateMove;0;0
1969;camera;525.2;338.75
1969;lgate1;450.1;320.8
1969;rgate1;547.25;320.8
1970;camera;528.2;338.75
1970;sandy;440.85;421.4
1970;lgate1;449.5;320.8
1970;rgate1;547.85;320.8
1971;camera;531.2;338.75
1971;sandy;438.15;425
1971;lgate1;448.9;320.8
1971;rgate1;548.4;320.8
1972;camera;528.2;338.75
1972;sandy;435.4;428.65
1972;lgate1;448.3;320.8
1972;rgate1;548.95;320.8
1973;camera;525.2;338.75
1973;matt;485.3;480.325
1973;sandy;432.7;432.3
1973;lgate1;447.7;320.8
1973;rgate1;549.5;320.8
1974;camera;528.2;338.75
1974;matt;484.8;481.825
1974;sandy;429.95;435.95
1974;lgate1;447.1;320.8
1974;rgate1;550.1;320.8
1975;camera;531.2;338.75
1975;matt;484.3;483.325
1975;sara;526.7;404.525
1975;sandy;427.25;439.55
1975;lgate1;446.5;320.8
1975;rgate1;550.65;320.8
1976;camera;528.2;338.75
1976;matt;483.8;484.825
1976;sara;526.7;407.675
1976;sandy;424.5;443.2
1976;lgate1;445.9;320.8
1976;rgate1;551.2;320.8
1977;camera;525.2;338.75
1977;matt;483.3;486.325
1977;sara;526.7;410.875
1977;sandy;421.8;446.85
1977;lgate1;445.3;320.8
1977;rgate1;551.75;320.8
1978;camera;528.2;338.75
1978;matt;482.8;487.825
1978;sara;526.7;414.075
1978;sandy;419.05;450.5
1978;lgate1;444.7;320.8
1978;rgate1;552.35;320.8
1979;camera;531.2;338.75
1979;matt;482.3;489.325
1979;sara;526.7;417.225
1979;jen;553.55;518.55
1979;sandy;416.35;454.1
1979;lgate1;444.1;320.8
1979;rgate1;552.9;320.8
1980;camera;528.2;338.75
1980;matt;481.8;490.825
1980;sara;526.7;420.425
1980;jen;554.6;519.1
1980;sandy;413.6;457.75
1980;lgate1;443.5;320.8
1980;rgate1;553.45;320.8
1981;camera;525.2;338.75
1981;matt;481.3;492.325
1981;sara;526.7;423.575
1981;jen;555.7;519.6
1981;sandy;410.85;461.4
1981;lgate1;442.9;320.8
1981;rgate1;554;320.8
1982;camera;528.2;338.75
1982;matt;480.8;493.825
1982;sara;526.7;426.775
1982;jen;556.75;520.15
1982;sandy;408.15;465
1982;lgate1;442.3;320.8
1982;rgate1;554.6;320.8
1983;camera;531.2;338.75
1983;matt;480.3;495.325
1983;sara;526.7;429.975
1983;jen;557.85;520.7
1983;sandy;405.4;468.65
1983;lgate1;441.7;320.8
1983;rgate1;555.15;320.8
1984;camera;528.2;338.75
1984;matt;479.8;496.825
1984;sara;526.7;433.125
1984;jen;558.95;521.25
1984;sandy;402.7;472.3
1984;lgate1;441.1;320.8
1984;rgate1;555.7;320.8
1985;camera;525.2;338.75
1985;matt;479.3;498.325
1985;sara;526.7;436.325
1985;jen;560;521.8
1985;sandy;399.95;475.95
1985;lgate1;440.5;320.8
1985;rgate1;556.3;320.8
1986;camera;528.2;338.75
1986;matt;478.8;499.825
1986;sara;526.7;439.525
1986;jen;561.1;522.3
1986;sandy;397.25;479.55
1986;lgate1;439.95;320.8
1986;rgate1;556.85;320.8
1987;camera;531.2;338.75
1987;matt;478.3;501.325
1987;sara;526.7;442.675
1987;jen;562.2;522.85
1987;sandy;394.5;483.2
1987;lgate1;439.35;320.8
1987;rgate1;557.4;320.8
1988;camera;528.2;338.75
1988;matt;477.8;502.825
1988;sara;526.7;445.875
1988;jen;563.25;523.4
1988;sandy;391.8;486.85
1988;lgate1;438.75;320.8
1988;rgate1;557.95;320.8
1989;camera;525.2;338.75
1989;matt;477.3;504.325
1989;sara;526.7;449.075
1989;jen;564.35;523.95
1989;sandy;389.05;490.5
1989;lgate1;438.15;320.8
1989;rgate1;558.55;320.8
1990;camera;528.2;338.75
1990;matt;476.8;505.825
1990;sara;526.7;452.225
1990;jen;565.4;524.5
1990;sandy;386.35;494.1
1990;lgate1;437.55;320.8
1990;rgate1;559.1;320.8
1991;camera;531.2;338.75
1991;matt;476.3;507.325
1991;sara;526.7;455.425
1991;jen;566.5;525.05
1991;sandy;383.6;497.75
1991;lgate1;436.95;320.8
1991;rgate1;559.65;320.8
1992;camera;528.2;338.75
1992;matt;475.8;508.825
1992;sara;526.7;458.575
1992;jen;567.6;525.55
1992;lgate1;436.35;320.8
1992;rgate1;560.2;320.8
1993;camera;525.2;338.75
1993;matt;475.3;510.325
1993;sara;526.7;461.775
1993;jen;568.65;526.1
1993;lgate1;435.75;320.8
1993;rgate1;560.8;320.8
1994;camera;528.2;338.75
1994;matt;474.8;511.825
1994;sara;526.7;464.975
1994;jen;569.75;526.65
1994;lgate1;435.15;320.8
1994;rgate1;561.35;320.8
1995;camera;531.2;338.75
1995;matt;474.3;513.325
1995;sara;526.7;468.125
1995;jen;570.85;527.2
1995;lgate1;434.55;320.8
1995;rgate1;561.9;320.8
1996;camera;528.2;338.75
1996;matt;473.8;514.825
1996;sara;526.7;471.325
1996;jen;571.9;527.75
1996;lgate1;433.95;320.8
1996;rgate1;562.5;320.8
1997;camera;525.2;338.75
1997;matt;473.3;516.325
1997;sara;526.7;474.525
1997;jen;573;528.25
1997;lgate1;433.35;320.8
1997;rgate1;563.05;320.8
1998;camera;528.2;338.75
1998;matt;472.8;517.825
1998;sara;526.7;477.675
1998;jen;574.05;528.8
1998;lgate1;432.75;320.8
1998;rgate1;563.6;320.8
1999;camera;531.2;338.75
1999;matt;472.3;519.325
1999;sara;526.7;480.875
1999;jen;575.15;529.35
1999;lgate1;432.15;320.8
1999;rgate1;564.15;320.8
2000;camera;528.2;338.75
2000;matt;471.8;520.825
2000;sara;526.7;484.075
2000;jen;576.25;529.9
2000;lgate1;431.55;320.8
2000;rgate1;564.75;320.8
2001;camera;525.2;338.75
2001;matt;471.3;522.325
2001;sara;526.7;487.225
2001;jen;577.3;530.45
2001;lgate1;430.95;320.8
2001;rgate1;565.3;320.8
2002;camera;528.2;338.75
2002;matt;470.8;523.825
2002;sara;526.7;490.425
2002;jen;578.4;530.95
2002;lgate1;430.35;320.8
2002;rgate1;565.85;320.8
2003;camera;531.2;338.75
2003;matt;470.3;525.325
2003;sara;526.7;493.575
2003;jen;579.5;531.5
2003;lgate1;429.75;320.8
2003;rgate1;566.4;320.8
2004;camera;528.2;338.75
2004;matt;469.8;526.825
2004;sara;526.7;496.775
2004;jen;580.55;532.05
2004;lgate1;429.15;320.8
2004;rgate1;567;320.8
2005;camera;525.2;338.75
2005;matt;469.3;528.325
2005;sara;526.7;499.975
2005;jen;581.65;532.6
2005;lgate1;428.55;320.8
2005;rgate1;567.55;320.8
2006;camera;528.2;338.75
2006;matt;468.8;529.825
2006;sara;526.7;503.125
2006;jen;582.7;533.15
2006;lgate1;427.95;320.8
2006;rgate1;568.1;320.8
2007;camera;531.2;338.75
2007;matt;468.3;531.325
2007;sara;526.7;506.325
2007;jen;583.8;533.7
2007;lgate1;427.35;320.8
2007;rgate1;568.65;320.8
2008;camera;528.2;338.75
2008;matt;467.8;532.825
2008;sara;526.7;509.525
2008;jen;584.9;534.2
2008;lgate1;426.75;320.8
2008;rgate1;569.25;320.8
2009;camera;525.2;338.75
2009;matt;467.3;534.325
2009;sara;526.7;512.675
2009;jen;585.95;534.75
2009;lgate1;426.15;320.8
2009;rgate1;569.8;320.8
2010;camera;528.2;338.75
2010;matt;466.8;535.825
2010;sara;526.7;515.875
2010;jen;587.05;535.3
2010;lgate1;425.55;320.8
2010;rgate1;570.35;320.8
2011;camera;531.2;338.75
2011;matt;466.3;537.325
2011;sara;526.7;519.075
2011;jen;588.15;535.85
2011;lgate1;424.95;320.8
2011;rgate1;570.9;320.8
2012;camera;528.2;338.75
2012;matt;465.8;538.95
2012;sara;526.7;522.225
2012;jen;589.2;536.4
2012;lgate1;424.35;320.8
2012;rgate1;571.5;320.8
2013;camera;525.2;338.75
2013;sara;526.7;525.425
2013;jen;590.3;536.9
2013;lgate1;423.75;320.8
2013;rgate1;572.05;320.8
2014;camera;528.2;338.75
2014;sara;526.7;528.575
2014;jen;591.35;537.45
2014;lgate1;423.15;320.8
2014;rgate1;572.6;320.8
2015;camera;531.2;338.75
2015;sara;526.7;531.775
2015;jen;592.45;538.25
2015;lgate1;422.55;320.8
2015;rgate1;573.2;320.8
2016;camera;528.2;338.75
2016;sara;526.7;534.975
2016;lgate1;421.95;320.8
2016;rgate1;573.75;320.8
2017;camera;525.2;338.75
2017;sara;526.7;538.125
2017;lgate1;421.35;320.8
2017;rgate1;574.3;320.8
2018;camera;528.2;338.75
2018;sara;526.7;540.225
2018;lgate1;420.75;320.8
2018;rgate1;574.85;320.8
2019;camera;531.2;338.75
2019;lgate1;420.15;320.8
2019;rgate1;575.45;320.8
2020;camera;528.2;338.75
2020;lgate1;419.55;320.8
2020;rgate1;576;320.8
2021;camera;525.2;338.75
2021;lgate1;418.95;320.8
2021;rgate1;576.55;320.8
2022;camera;528.2;338.75
2022;lgate1;418.4;320.8
2022;rgate1;577.1;320.8
2023;camera;531.2;338.75
2023;lgate1;417.8;320.8
2023;rgate1;577.7;320.8
2024;camera;528.2;338.75
2024;lgate1;417.2;320.8
2024;rgate1;578.25;320.8
2025;camera;525.2;338.75
2025;lgate1;416.6;320.8
2025;rgate1;578.8;320.8
2026;camera;528.2;338.75
2026;lgate1;416;320.8
2026;rgate1;579.4;320.8
2027;camera;531.2;338.75
2027;lgate1;415.4;320.8
2027;rgate1;579.95;320.8
2028;camera;528.2;338.75
2028;lgate1;414.8;320.8
2028;rgate1;580.5;320.8
2029;camera;525.2;338.75
2029;lgate1;414.2;320.8
2029;rgate1;581.05;320.8
2030;camera;528.2;338.75
2030;lgate1;413.6;320.8
2030;rgate1;581.65;320.8
2031;camera;531.2;338.75
2031;lgate1;413;320.8
2031;rgate1;582.2;320.8
2032;camera;528.2;338.75
2032;lgate1;412.4;320.8
2032;rgate1;582.75;320.8
2033;camera;525.2;338.75
2033;lgate1;411.8;320.8
2033;rgate1;583.3;320.8
2034;camera;528.2;338.75
2034;lgate1;411.2;320.8
2034;rgate1;583.9;320.8
2035;camera;531.2;338.75
2035;lgate1;410.6;320.8
2035;rgate1;584.45;320.8
2036;camera;528.2;338.75
2036;lgate1;410;320.8
2036;rgate1;585;320.8
2037;camera;525.2;338.75
2037;lgate1;409.4;320.8
2037;rgate1;585.55;320.8
2038;camera;528.2;338.75
2038;lgate1;408.8;320.8
2038;rgate1;586.15;320.8
2039;camera;531.2;338.75
2039;lgate1;408.2;320.8
2039;rgate1;586.7;320.8
2040;camera;528.2;338.75
2040;lgate1;407.6;320.8
2040;rgate1;587.25;320.8
2041;camera;525.2;338.75
2041;lgate1;407;320.8
2041;rgate1;587.85;320.8
2042;camera;528.2;338.75
2042;lgate1;406.4;320.8
2042;rgate1;588.4;320.8
2043;camera;531.2;338.75
2043;lgate1;405.8;320.8
2043;rgate1;588.95;320.8
2044;camera;528.2;338.75
2044;lgate1;405.2;320.8
2044;rgate1;589.5;320.8
2045;camera;525.2;338.75
2045;lgate1;404.6;320.8
2045;rgate1;590.1;320.8
2046;camera;528.2;338.75
2046;lgate1;404;320.8
2046;rgate1;590.65;320.8
2047;camera;531.2;338.75
2047;lgate1;403.4;320.8
2047;rgate1;591.2;320.8
2048;camera;528.2;338.75
2048;lgate1;402.8;320.8
2048;rgate1;591.75;320.8
2049;camera;525.2;338.75
2049;lgate1;402.2;320.8
2049;rgate1;592.35;320.8
2050;camera;528.2;338.75
2050;lgate1;401.6;320.8
2050;rgate1;592.9;320.8
2051;camera;531.2;338.75
2051;lgate1;401;320.8
2051;rgate1;593.45;320.8
2052;camera;528.2;338.75
2052;lgate1;400.4;320.8
2052;rgate1;594;320.8
2053;camera;525.2;338.75
2053;lgate1;399.8;320.8
2053;rgate1;594.6;320.8
2054;camera;528.2;338.75
2054;lgate1;399.2;320.8
2054;rgate1;595.15;320.8
2055;camera;531.2;338.75
2055;lgate1;398.6;320.8
2055;rgate1;595.7;320.8
2056;camera;528.2;338.75
2056;lgate1;398;320.8
2056;rgate1;596.3;320.8
2057;camera;525.2;338.75
2057;lgate1;397.45;320.8
2057;rgate1;596.85;320.8
2058;camera;528.2;338.75
2058;lgate1;396.85;320.8
2058;rgate1;597.4;320.8
2059;camera;531.2;338.75
2059;lgate1;396.25;320.8
2059;rgate1;597.95;320.8
2060;camera;528.2;338.75
2060;lgate1;395.65;320.8
2060;rgate1;598.55;320.8
2061;camera;525.2;338.75
2061;lgate1;395.05;320.8
2061;rgate1;599.1;320.8
2062;camera;528.2;338.75
2062;lgate1;394.45;320.8
2062;rgate1;599.65;320.8
2063;camera;531.2;338.75
2063;lgate1;393.85;320.8
2063;rgate1;600.2;320.8
2064;camera;528.2;338.75
2064;lgate1;393.25;320.8
2064;rgate1;600.8;320.8
2065;camera;525.2;338.75
2065;lgate1;392.65;320.8
2065;rgate1;601.35;320.8
2066;camera;528.2;338.75
2066;lgate1;392.05;320.8
2066;rgate1;601.9;320.8
2067;camera;531.2;338.75
2067;lgate1;391.45;320.8
2067;rgate1;602.5;320.8
2068;camera;528.2;338.75
2068;lgate1;390.85;320.8
2068;rgate1;603.05;320.8
2069;camera;525.2;338.75
2069;lgate1;390.25;320.8
2069;rgate1;603.6;320.8
2070;camera;528.2;338.75
2070;lgate1;389.65;320.8
2070;rgate1;604.15;320.8
2071;camera;531.2;338.75
2071;lgate1;389.05;320.8
2071;rgate1;604.75;320.8
2072;camera;528.2;338.75
2072;lgate1;388.45;320.8
2072;rgate1;605.3;320.8
2073;camera;525.2;338.75
2073;lgate1;387.85;320.8
2073;rgate1;605.85;320.8
2074;camera;528.2;338.75
2074;lgate1;387.25;320.8
2074;rgate1;606.4;320.8
2075;camera;531.2;338.75
2075;lgate1;386.65;320.8
2075;rgate1;607;320.8
2076;camera;528.2;338.75
2076;lgate1;386.05;320.8
2076;rgate1;607.55;320.8
2077;camera;525.2;338.75
2077;lgate1;385.45;320.8
2077;rgate1;608.1;320.8
2078;camera;528.2;338.75
2078;lgate1;384.85;320.8
2078;rgate1;608.65;320.8
2079;camera;531.2;338.75
2079;lgate1;384.25;320.8
2079;rgate1;609.25;320.8
2080;camera;528.2;338.75
2080;lgate1;383.65;320.8
2080;rgate1;609.8;320.8
2081;camera;525.2;338.75
2081;lgate1;383.05;320.8
2081;rgate1;610.35;320.8
2082;camera;528.2;338.75
2082;lgate1;382.45;320.8
2082;rgate1;610.9;320.8
2083;camera;531.2;338.75
2083;lgate1;381.85;320.8
2083;rgate1;611.5;320.8
2084;camera;528.2;338.75
2084;lgate1;381.25;320.8
2084;rgate1;612.05;320.8
2085;camera;525.2;338.75
2085;lgate1;380.65;320.8
2085;rgate1;612.6;320.8
2086;camera;528.2;338.75
2086;lgate1;380.05;320.8
2086;rgate1;613.2;320.8
2087;camera;531.2;338.75
2087;lgate1;379.45;320.8
2087;rgate1;613.75;320.8
2088;camera;528.2;338.75
2088;lgate1;378.85;320.8
2088;rgate1;614.3;320.8
2089;camera;525.2;338.75
2089;lgate1;378.25;320.8
2089;rgate1;614.85;320.8
2090;camera;528.2;338.75
2090;lgate1;377.65;320.8
2090;rgate1;615.45;320.8
2091;camera;531.2;338.75
2091;lgate1;377.05;320.8
2091;rgate1;616;320.8
2092;camera;528.2;338.75
2092;lgate1;376.45;320.8
2092;rgate1;616.55;320.8
2093;camera;525.2;338.75
2093;lgate1;375.9;320.8
2093;rgate1;617.1;320.8
2094;camera;528.2;338.75
2094;lgate1;375.3;320.8
2094;rgate1;617.7;320.8
2095;camera;531.2;338.75
2095;lgate1;374.7;320.8
2095;rgate1;618.25;320.8
2096;camera;528.2;338.75
2096;lgate1;374.1;320.8
2096;rgate1;618.8;320.8
2097;camera;525.2;338.75
2097;lgate1;373.5;320.8
2097;rgate1;619.4;320.8
2098;camera;528.2;338.75
2098;lgate1;372.9;320.8
2098;rgate1;619.95;320.8
2099;camera;531.2;338.75
2099;lgate1;372.3;320.8
2099;rgate1;620.5;320.8
2100;camera;528.2;338.75
2100;lgate1;371.7;320.8
2100;rgate1;621.05;320.8
2101;camera;525.2;338.75
2101;lgate1;371.1;320.8
2101;rgate1;621.65;320.8
2102;camera;528.2;338.75
2102;lgate1;370.5;320.8
2102;rgate1;622.2;320.8
2103;camera;531.2;338.75
2103;lgate1;369.9;320.8
2103;rgate1;622.75;320.8
2104;camera;528.2;338.75
2104;lgate1;369.3;320.8
2104;rgate1;623.3;320.8
2105;camera;525.2;338.75
2105;lgate1;368.7;320.8
2105;rgate1;623.9;320.8
2106;camera;528.2;338.75
2106;lgate1;368.1;320.8
2106;rgate1;624.45;320.8
2107;camera;531.2;338.75
2107;lgate1;367.5;320.8
2107;rgate1;625;320.8
2108;camera;528.2;338.75
2108;lgate1;366.9;320.8
2108;rgate1;625.55;320.8
2109;camera;525.2;338.75
2109;lgate1;366.3;320.8
2109;rgate1;626.15;320.8
2110;camera;528.2;338.75
2110;lgate1;365.7;320.8
2110;rgate1;626.7;320.8
2114;matt;465.8;537.125
2115;matt;465.8;535.375
2116;matt;465.8;533.675
2117;matt;465.8;531.975
2118;matt;465.8;530.275
2119;matt;465.8;528.525
2120;matt;465.8;526.825
2121;matt;465.8;525.125
2122;matt;465.8;523.375
2123;matt;465.8;521.675
2124;matt;465.8;519.975
2125;matt;465.8;518.275
2126;matt;465.8;516.525
2127;matt;465.8;514.825
2128;matt;465.8;513.125
2129;matt;465.8;511.375
2130;matt;465.8;509.675
2131;matt;465.8;507.975
2132;matt;465.8;506.275
2133;matt;465.8;504.525
2134;matt;465.8;502.825
2135;matt;465.8;501.125
2136;matt;465.8;499.375
2137;matt;465.8;497.675
2138;matt;465.8;495.975
2139;matt;465.8;494.275
2140;matt;465.8;492.525
2141;matt;465.8;490.825
2142;matt;465.8;489.125
2143;matt;465.8;487.375
2144;matt;465.8;485.675
2145;matt;465.8;483.975
2146;matt;465.8;482.275
2147;matt;465.8;480.525
2148;matt;465.8;478.95
2152;d:Matt:  Well... that answers that.;0;0
2161;sandy;387.35;490.25
2162;sandy;391.1;482.75
2163;sandy;394.85;475.25
2164;sandy;398.6;467.75
2165;sandy;402.35;460.25
2166;sandy;406.1;452.75
2167;sandy;409.85;445.25
2168;sandy;413.6;437.75
2169;sandy;417.35;430.25
2170;sandy;421.1;422.75
2171;sandy;424.85;415.25
2172;sandy;428.6;407.75
2173;sandy;432.35;400.25
2174;sandy;436.1;392.75
2175;sandy;439.85;385.25
2176;sandy;443.6;377.75
2177;sandy;443.6;369.25
2178;sandy;443.6;360.75
2179;sandy;443.6;352.25
2180;sandy;443.6;343.75
2181;sandy;443.6;335.25
2182;sandy;443.6;326.75
2183;sandy;443.6;318.25
2184;sandy;443.6;309.75
2185;sandy;443.6;301.25
2186;sandy;443.6;292.75
2187;sandy;443.6;284.25
2188;sandy;443.6;275.75
2189;sandy;443.6;267.25
2190;sandy;443.6;258.75
2191;sandy;443.6;250.25
2192;sandy;443.6;241.75
2193;sandy;443.6;233.25
2194;sandy;443.6;224.75
2195;sandy;443.6;216.25
2196;sandy;443.6;207.75
2197;sandy;443.6;199.25
2198;sandy;443.6;190.75
2199;sandy;443.6;182.25
2200;sandy;443.6;173.75
2201;sandy;443.6;165.25
2202;sandy;443.6;156.75
2203;sandy;443.6;148.25
2204;sandy;443.6;139.75
2205;sandy;443.6;131.25
2206;sandy;443.6;122.75
2207;sandy;443.6;114.25
2208;sandy;443.6;105.75
2209;sandy;443.6;97.25
2210;sandy;443.6;88.75
2211;sandy;443.6;80.25
2212;sandy;443.6;71.75
2213;sandy;443.6;63.25
2214;sandy;443.6;54.75
2215;sandy;443.6;46.25
2216;sandy;443.6;37.75
2233;sara;526.7;538.175
2234;sara;526.7;535.025
2235;sara;526.7;531.875
2236;sara;526.7;528.675
2237;sara;526.7;525.525
2238;sara;526.7;522.375
2239;sara;526.7;519.225
2240;sara;526.7;516.075
2241;sara;526.7;512.925
2242;sara;526.7;509.725
2243;sara;526.7;506.575
2244;sara;526.7;503.425
2245;sara;526.7;500.275
2246;sara;526.7;497.125
2247;sara;526.7;493.975
2248;sara;526.7;490.775
2249;sara;526.7;487.625
2250;sara;526.7;484.475
2251;sara;526.7;480.225
2256;sandy;448.3;37.75
2257;sandy;453;37.75
2258;sandy;457.7;37.75
2259;sandy;462.4;37.75
2260;sandy;467.15;37.75
2261;sandy;471.85;37.75
2262;sandy;476.55;37.75
2263;sandy;481.25;37.75
2264;sandy;485.95;37.75
2265;sandy;490.65;37.75
2266;sandy;495.35;37.75
2267;sandy;500.05;37.75
2268;sandy;504.8;37.75
2269;sandy;509.5;37.75
2270;sandy;514.2;37.75
2271;sandy;518.9;37.75
2272;sandy;523.6;37.75
2273;sandy;528.3;37.75
2274;sandy;533;37.75
2275;sandy;537.7;37.75
2276;sandy;542.4;37.75
2277;sandy;547.15;37.75
2278;sandy;551.85;37.75
2279;sandy;556.55;37.75
2280;sandy;561.25;37.75
2281;sandy;565.95;37.75
2282;sandy;570.65;37.75
2283;sandy;575.35;37.75
2284;sandy;580.05;37.75
2285;sandy;584.8;37.75
2286;sandy;589.5;37.75
2287;sandy;594.2;37.75
2288;sandy;598.9;37.75
2289;sandy;603.6;37.75
2301;d:Sara:  Ok then...;0;0
2304;matt;465.8;472.475
2304;sara;526.7;474.975
2305;matt;465.8;466.075
2305;sara;526.7;468.575
2305;jen;590.6;536.15
2306;matt;465.8;459.725
2306;sara;526.7;462.225
2306;jen;588.75;534.3
2307;matt;465.8;453.325
2307;sara;526.7;455.825
2307;jen;586.85;532.4
2308;matt;465.8;446.975
2308;sara;526.7;449.475
2308;jen;585;530.55
2309;matt;465.8;440.575
2309;sara;526.7;443.075
2309;jen;583.15;528.7
2310;matt;465.8;434.225
2310;sara;526.7;436.725
2310;jen;581.3;526.85
2311;matt;465.8;427.825
2311;sara;526.7;430.325
2311;jen;579.45;525
2312;matt;465.8;421.475
2312;sara;526.7;423.975
2312;jen;577.55;523.1
2313;matt;465.8;415.075
2313;sara;526.7;417.575
2313;jen;575.7;521.25
2314;matt;465.8;408.725
2314;sara;526.7;411.225
2314;jen;573.85;519.4
2315;matt;465.8;402.325
2315;sara;526.7;404.825
2315;jen;572;517.55
2316;matt;465.8;395.975
2316;sara;526.7;398.475
2316;jen;570.1;515.65
2317;matt;465.8;389.625
2317;sara;526.7;392.125
2317;jen;568.25;513.8
2318;matt;465.8;383.225
2318;sara;526.7;385.725
2318;jen;566.4;511.95
2319;matt;465.8;376.825
2319;sara;526.7;379.325
2319;jen;564.55;510.1
2320;matt;465.8;370.475
2320;sara;526.7;372.975
2320;jen;562.7;508.25
2321;matt;465.8;364.075
2321;sara;526.7;366.575
2321;jen;560.8;506.35
2322;matt;465.8;357.725
2322;sara;526.7;360.225
2322;jen;558.95;504.5
2323;matt;465.8;351.375
2323;sara;526.7;353.875
2323;jen;557.1;502.65
2324;matt;465.8;344.975
2324;sara;526.7;347.475
2324;jen;555.25;500.8
2325;matt;465.8;338.625
2325;sara;526.7;341.125
2325;jen;553.4;498.95
2326;matt;465.8;332.225
2326;sara;526.7;334.725
2326;jen;551.5;497.05
2327;matt;465.8;325.875
2327;sara;526.7;328.375
2327;jen;549.65;495.2
2328;matt;465.8;319.475
2328;sara;526.7;321.975
2328;jen;547.8;493.35
2329;matt;465.8;313.125
2329;sara;526.7;315.625
2329;jen;545.95;491.5
2330;matt;465.8;306.725
2330;sara;526.7;309.225
2330;jen;544.1;489.65
2331;matt;465.8;300.375
2331;sara;526.7;302.875
2331;jen;542.2;487.75
2332;matt;465.8;293.975
2332;sara;526.7;296.475
2332;jen;540.35;485.9
2333;matt;465.8;287.625
2333;sara;526.7;290.125
2333;jen;538.5;484.05
2334;matt;465.8;281.225
2334;sara;526.7;283.725
2334;jen;536.65;482.2
2335;matt;465.8;274.875
2335;sara;526.7;277.375
2335;jen;534.8;480.35
2336;matt;465.8;268.475
2336;sara;526.7;270.975
2336;jen;532.9;478.45
2337;matt;465.8;262.125
2337;sara;526.7;264.625
2337;jen;531.05;476.6
2338;matt;465.8;255.775
2338;sara;526.7;258.275
2338;jen;529.2;474.75
2339;matt;465.8;249.375
2339;sara;526.7;251.875
2339;jen;527.35;472.9
2340;matt;465.8;242.975
2340;sara;526.7;245.475
2340;jen;525.45;471
2341;matt;465.8;236.625
2341;sara;526.7;239.125
2341;jen;523.6;469.15
2342;matt;465.8;230.275
2342;sara;526.7;232.775
2342;jen;521.75;467.3
2343;matt;465.8;223.875
2343;sara;526.7;226.375
2343;jen;519.9;465.45
2344;matt;465.8;217.525
2344;sara;526.7;220.025
2344;jen;518.05;463.6
2345;matt;465.8;211.125
2345;sara;526.7;213.625
2345;jen;516.15;461.7
2346;matt;465.8;204.775
2346;sara;526.7;207.275
2346;jen;514.3;459.85
2347;matt;465.8;198.375
2347;sara;526.7;200.875
2347;jen;512.45;458.25
2348;matt;465.8;192.025
2348;sara;526.7;194.525
2349;matt;465.8;185.625
2349;sara;526.7;188.125
2350;matt;465.8;179.275
2350;sara;526.7;181.775
2351;matt;465.8;172.875
2351;sara;526.7;175.375
2352;matt;465.8;166.525
2352;sara;526.7;169.025
2353;matt;465.8;160.125
2353;sara;526.7;162.625
2354;matt;465.8;153.775
2354;sara;526.7;156.275
2355;matt;465.8;147.375
2355;sara;526.7;149.875
2356;matt;465.8;141.025
2356;sara;526.7;143.525
2357;matt;465.8;134.675
2357;sara;526.7;137.175
2358;matt;465.8;128.275
2358;sara;526.7;130.775
2359;matt;465.8;121.925
2359;sara;526.7;124.425
2360;matt;465.8;115.525
2360;sara;526.7;118.025
2361;matt;465.8;109.175
2361;sara;526.7;111.675
2362;matt;465.8;102.775
2362;sara;526.7;105.275
2363;matt;465.8;96.425
2363;sara;526.7;98.925
2364;matt;465.8;90.025
2364;sara;526.7;92.525
2365;matt;465.8;83.675
2365;sara;526.7;86.175
2366;matt;465.8;77.275
2366;sara;526.7;79.775
2367;matt;465.8;70.925
2367;sara;526.7;73.425
2368;matt;465.8;64.525
2368;sara;526.7;67.025
2369;matt;465.8;58.175
2369;sara;526.7;60.675
2370;matt;465.8;51.775
2370;sara;526.7;54.275
2371;matt;465.8;45.425
2371;sara;526.7;47.925
2372;matt;465.8;39.025
2372;sara;526.7;41.525
2373;matt;465.8;32.675
2373;sara;526.7;35.175
2374;matt;465.8;26.325
2374;sara;526.7;28.825
2375;matt;465.8;19.925
2375;sara;526.7;22.425
2376;matt;465.8;13.525
2376;sara;526.7;16.025
2377;matt;465.8;7.175
2377;sara;526.7;9.675
2378;matt;465.8;0.825000000000003
2378;sara;526.7;3.325
2379;matt;465.8;-5.575
2379;sara;526.7;-3.075
2380;matt;465.8;-11.925
2380;sara;526.7;-9.425
2381;matt;465.8;-18.325
2381;sara;526.7;-15.825
2382;matt;465.8;-24.675
2382;sara;526.7;-22.175
2382;sandy;603.6;34.6
2383;matt;465.8;-31.075
2383;sara;526.7;-28.575
2383;sandy;603.6;31.45
2384;matt;465.8;-37.425
2384;sara;526.7;-34.925
2384;sandy;603.6;28.3
2385;matt;465.8;-43.825
2385;sara;526.7;-41.325
2385;sandy;603.6;25.1
2386;matt;465.8;-50.175
2386;sara;526.7;-47.675
2386;sandy;603.6;21.95
2387;matt;465.8;-56.575
2387;sara;526.7;-54.075
2387;sandy;603.6;18.8
2388;matt;465.8;-62.925
2388;sara;526.7;-60.425
2388;sandy;603.6;15.65
2389;matt;465.8;-69.325
2389;sara;526.7;-66.825
2389;sandy;603.6;12.5
2390;matt;465.8;-75.675
2390;sara;526.7;-73.175
2390;sandy;603.6;9.34999999999999
2391;matt;465.8;-82.025
2391;sara;526.7;-79.525
2391;sandy;603.6;6.15
2392;matt;465.8;-88.425
2392;sara;526.7;-85.925
2392;sandy;603.6;3
2393;matt;465.8;-94.825
2393;sara;526.7;-92.325
2393;sandy;603.6;-0.150000000000006
2394;matt;465.8;-101.05
2394;sara;526.7;-99.775
2394;sandy;603.6;-3.3
2395;sandy;603.6;-6.45
2396;sandy;603.6;-9.6
2397;sandy;603.6;-12.8
2398;sandy;603.6;-15.95
2399;sandy;603.6;-19.1
2400;sandy;603.6;-22.25
-----------------------------------------------
1; camera; camera
1; matt; mattU
1025; matt; mattL
1048; matt; mattU
1229; matt; mattUw
1250; matt; mattU
1291; matt; mattUw
1303; matt; mattU
1314; matt; mattL
1348; matt; mattU
1450; matt; mattR
1548; matt; mattL
1577; matt; mattR
1587; matt; mattU
1692; matt; mattD
1796; matt; mattU
1972; matt; mattUw
2012; matt; mattU
2113; matt; mattUw
2148; matt; mattU
2303; matt; mattUw
2394; matt; mattU
1; sara; saraU
1031; sara; saraUw
1045; sara; saraU
1055; sara; saraD
1073; sara; saraU
1089; sara; saraUw
1108; sara; saraU
1118; sara; saraR
1287; sara; saraD
1320; sara; saraR
1360; sara; saraL
1412; sara; saraD
1555; sara; saraU
1688; sara; saraR
1809; sara; saraLw
1820; sara; saraU
1974; sara; saraUw
2018; sara; saraU
2232; sara; saraUw
2251; sara; saraU
2303; sara; saraUw
2394; sara; saraU
1; jen; jenU
860; jen; jenUw
989; jen; jenU
1222; jen; jenUw
1246; jen; jenU
1255; jen; jenL
1331; jen; jenD
1389; jen; jenR
1452; jen; jenL
1587; jen; jenU
1978; jen; jenUw
2015; jen; jenU
2304; jen; jenUw
2347; jen; jenU
1; sandy; sandyU
1009; sandy; sandyRw
1030; sandy; sandyU
1104; sandy; sandyL
1129; sandy; sandyLw
1185; sandy; sandyL
1206; sandy; sandyR
1342; sandy; sandyL
1375; sandy; sandyR
1802; sandy; sandyRw
1818; sandy; sandyUw
1836; sandy; sandyU
1969; sandy; sandyDw
1991; sandy; sandyU
2160; sandy; sandyUw
2216; sandy; sandyU
2255; sandy; sandyRw
2289; sandy; sandyU
2381; sandy; sandyUw
2400; sandy; sandyU
1; lgate1; lgate1S
1; rgate1; rgate1S
1; lgate2; lgate1S
1; rgate2; rgate1S
1; ; frontyard.png